#176
62
1
0
0
1
0
0
0
0
0
0
0
0
0
0
0
0
0
0
0
0
0
0
0
0
0
0
1
0
0
0
3
3
3
3
3
3
3
3
3
3
3
3
3
3
3
3
3
3
3
3
3
3
3
3
3
3
3
3
3
3
3
3
67
0 1
1 2
1 3
2 4
2 5
2 30
3 6
4 7
4 8
4 9
5 6
5 10
5 31
7 11
7 12
8 13
8 14
8 32
9 15
9 33
10 11
10 15
10 16
11 17
11 18
12 19
12 34
13 19
13 20
13 21
14 22
14 35
14 36
15 37
16 23
16 38
16 39
17 40
17 41
17 42
18 24
18 43
18 44
19 45
19 46
20 47
20 48
20 49
21 22
21 25
21 50
22 51
22 52
23 24
23 26
23 53
24 54
24 55
25 27
26 28
27 56
27 57
27 58
28 29
29 59
29 60
29 61